0
0
0
0
0
2
2
2
2
2
6
6
6
6
6
6
6
8
8
8
8
8
8
11
11
11
11
12
12
12
12
12
12
16
17
17
17
17
17
17
24
24
24
24
24
24
25
25
25
25
25
25
25
25
25
25
30
30
30
30
30
30
30
30
30
30
30
33
33
33
33
33
35
35
35
35
35
35
38
38
38
38
38
38
38
43
43
43
43
45
45
45
45
48
48
48
48
48
48
49
49
49
49
49
49
49
50
50
50
50
50
50
58
60
60
60
60
60
61
61
61
61
61
61
63
63
63
63
70
70
70
70
70
70
76
76
76
76
76
76
84
91
91
91
91
91
91
91
91
97
97
97
97
97
97
99
99
99
99
99
99
100
100
100
100
100
100
102
102
102
102
109
109
109
109
109
110
110
110
110
110
110
111
111
111
111
111
111
111
111
111
111
118
118
118
118
120
120
120
120
120
122
122
122
122
122
122
122
122
122
123
123
123
123
123
123
127
127
127
127
127
127
128
128
128
128
131
131
131
131
131
131
132
132
132
132
132
132
134
134
134
134
134
135
135
135
135
140
140
140
140
140
140
143
143
143
143
143
143
143
143
143
143
143
143
143
143
143
147
147
147
147
147
147
148
152
152
152
152
152
152
155
155
155
155
155
157
157
157
157
160
163
163
163
163
167
167
167
167
167
173
173
173
173
173
181
181
181
181
181
181
181
181
181
183
183
183
183
183
184
184
184
184
184
189
189
189
189
190
190
190
190
191
191
191
191
191
191
193
193
193
193
193
193
194
194
194
194
194
194
199
199
199
199
199
199
200
200
200
200
201
201
201
201
201
201
202
202
202
202
214
214
214
214
214
214
214
214
219
219
219
219
222
222
222
222
222
222
222
222
223
223
223
223
223
223
224
224
224
224
224
224
224
224
224
224
224
225
225
225
225
227
227
227
227
227
232
232
232
232
233
233
233
233
239
239
239
239
239
239
240
240
240
240
240
240
242
242
242
242
242
242
242
242
242
247
247
247
247
247
247
247
247
247
247
248
248
248
248
248
248
248
248
248
248
252
252
252
252
252
252
252
252
252
252
252
252
254
254
254
254
254
254
255
255
255
255
255
255
255
255
255
255
255
255
255
255
255
255
